300 325
1 12
1 89
2 28
2 91
3 29
3 32
4 86
4 91
5 31
5 34
5 13
5 109
6 32
6 24
7 47
7 98
7 143
8 15
8 76
8 21
9 39
9 45
10 45
10 31
11 72
11 54
11 110
12 76
13 55
13 69
14 44
14 52
15 79
16 27
16 99
17 95
17 37
18 62
18 59
18 75
19 73
19 57
19 90
19 42
20 21
20 33
21 26
22 46
22 42
23 84
23 95
24 67
25 93
25 47
25 55
26 58
27 59
28 87
29 85
30 54
30 35
32 102
33 94
34 63
35 82
35 76
36 60
36 79
37 70
38 99
38 55
39 69
40 89
40 85
41 87
41 64
42 44
43 64
43 74
46 66
48 57
48 92
49 52
49 86
50 71
50 60
51 74
51 56
52 108
53 68
53 93
55 76
55 60
56 65
58 78
59 89
61 100
61 62
63 83
65 88
66 82
67 77
68 88
70 71
72 92
73 80
75 90
75 80
77 97
78 81
81 97
83 90
84 98
94 96
96 100
101 165
101 183
102 162
103 115
104 165
105 165
105 107
105 189
105 186
105 108
106 165
106 160
109 165
109 236
110 165
111 165
112 165
113 165
114 165
115 165
115 140
115 150
115 143
115 173
115 171
115 185
115 129
115 147
115 146
116 165
117 178
118 165
118 197
119 165
120 164
121 165
121 131
122 165
123 165
124 194
125 165
126 165
127 187
128 165
130 165
132 165
133 194
133 267
134 141
135 165
135 287
136 165
136 195
137 165
138 165
139 165
141 165
142 154
144 165
145 165
146 281
148 165
148 209
149 165
151 165
151 179
152 165
153 165
154 165
154 175
155 194
156 165
156 294
157 165
158 165
159 165
161 165
162 165
163 165
164 165
165 194
165 178
165 187
165 190
165 182
165 193
165 196
165 184
165 167
165 177
165 169
165 188
165 180
165 198
165 170
165 200
165 166
165 191
165 176
165 168
165 172
174 194
181 190
192 194
194 199
197 253
201 265
202 265
203 265
204 265
205 283
206 265
207 265
208 266
209 265
209 251
209 293
210 265
211 260
212 265
212 252
212 227
213 225
213 300
214 265
215 265
216 265
216 300
216 230
216 258
217 265
218 265
219 265
220 225
221 265
222 265
223 265
224 265
225 265
225 275
225 239
226 265
228 254
229 265
231 265
232 265
233 265
234 265
235 265
236 265
237 269
238 265
240 265
240 280
240 253
240 261
241 265
242 269
243 265
244 265
245 265
246 269
247 269
248 265
249 269
250 265
250 258
254 265
255 265
256 269
256 264
257 269
259 269
260 265
261 265
262 272
263 265
264 265
265 269
265 272
265 283
265 299
265 266
265 281
265 278
265 291
265 298
265 284
265 293
265 297
265 296
265 273
265 295
265 268
265 286
265 276
265 274
265 290
265 270
265 277
265 279
265 271
267 281
269 288
269 294
269 292
272 282
278 287
285 299
289 291
